-217.64,-204.64,-207.64,-218.64,-216.64,-207.64,-215.64,-213.64,-210.64,-196.64,-198.64,-200.64,-184.64,-163.64,-159.64,-152.64,-141.64,-138.64,-120.64,-122.64,-116.64,-89.638,-39.638,-12.637,5.3625,17.363,17.363,9.3625,5.3625,-1.6375,9.3625,22.363,33.362,37.362,39.362,39.362,48.362,74.362,83.362,93.362,88.362,66.362,61.362,67.362,78.362,78.362,86.362,97.362,113.36,121.36,124.36,123.36,136.36,138.36,142.36,167.36,186.36,203.36,198.36,183.36,181.36,205.36,218.36,220.36,214.36,203.36,193.36,162.36,146.36,142.36,140.36,152.36,165.36,169.36,183.36,185.36,181.36,188.36,204.36,202.36,181.36,170.36,150.36,144.36,142.36,144.36,146.36,116.36,100.36,91.362,88.362,93.362,95.362,96.362,87.362,73.362,74.362,88.362,110.36,124.36,112.36,106.36,114.36,122.36,128.36,123.36,130.36,110.36,73.362,82.362,85.362,101.36,120.36,145.36,141.36,130.36,137.36,141.36,139.36,147.36,153.36,154.36,142.36,139.36,155.36,129.36,92.362,75.362,75.362,83.362,63.362,49.362,63.362,64.362,67.362,63.362,56.362,60.362,58.362,54.362,49.362,69.362,96.362,97.362,85.362,87.362,79.362,65.362,69.362,74.362,73.362,65.362,53.362,43.362,73.362,97.362,106.36,90.362,80.362,99.362,80.362,74.362,88.362,86.362,68.362,44.362,29.363,52.362,63.362,69.362,60.362,72.362,68.362,63.362,57.362,59.362,62.362,85.362,88.362,88.362,85.362,82.362,78.362,74.362,61.362,60.362,38.362,37.362,40.362,25.363,20.363,47.362,47.362,42.362,52.362,49.362,53.362,52.362,51.362,83.362,86.362,69.362,43.362,-12.637,-56.638,-61.638,-45.638,-30.637,-35.638,-41.638,-42.638,-30.637,-24.637,-6.6375,4.3625,34.362,44.362,32.362,9.3625,-2.6375,4.3625,6.3625,7.3625,-1.6375,1.3625,6.3625,-10.637,-16.637,-6.6375,0.3625,0.3625,-8.6375,-28.637,-30.637,-13.637,0.3625,-3.6375,-33.638,-49.638,-58.638,-70.638,-83.638,-90.638,-109.64,-103.64,-104.64,-114.64,-95.638,-69.638,-70.638,-93.638,-106.64,-104.64,-116.64,-127.64,-126.64,-119.64,-113.64,-123.64,-135.64,-156.64,-160.64,-171.64,-182.64,-185.64,-184.64,-185.64,-189.64,-186.64,-167.64,-151.64,-137.64,-135.64,-123.64,-118.64,-112.64,-104.64,-101.64,-119.64,-129.64,-140.64,-158.64,-192.64,-217.64,-240.64,-242.64,-237.64,-225.64,-216.64,-216.64,-213.64,-204.64,-211.64,-240.64,-247.64,-220.64,-173.64,-148.64,-139.64,-163.64,-176.64,-190.64,-216.64,-235.64,-242.64,-254.64,-252.64,-253.64,-259.64,-257.64,-259.64,-267.64,-271.64,-249.64,-230.64,-196.64,-157.64,-122.64,-97.638,-80.638,-60.638,-50.638,-57.638,-63.638,-40.638,-17.637,-5.6375,-15.637,-28.637,-30.637,-41.638,-52.638,-71.638,-95.638,-114.64,-122.64,-141.64,-128.64,-100.64,-88.638,-90.638,-71.638,-53.638,-39.638,-45.638,-47.638,-50.638,-73.638,-63.638,-36.638,-4.6375,5.3625,23.363,47.362,48.362,43.362,55.362,51.362,39.362,31.363,45.362,67.362,97.362,118.36,111.36,107.36,87.362,70.362,62.362,45.362,55.362,88.362,106.36,87.362,79.362,94.362,106.36,100.36,74.362,79.362,85.362,91.362,77.362,60.362,29.363,13.363,27.363,31.363,35.362,50.362,53.362,37.362,22.363,-4.6375,-5.6375,-15.637,-57.638,-65.638,-48.638,-38.638
-213.08,-212.08,-204.08,-204.08,-208.08,-207.08,-204.08,-198.08,-197.08,-201.08,-198.08,-196.08,-192.08,-186.08,-172.08,-168.08,-160.08,-150.08,-139.08,-128.08,-112.08,-114.08,-119.08,-118.08,-127.08,-133.08,-126.08,-118.08,-108.08,-95.08,-79.08,-63.08,-45.08,-26.08,-7.08,19.92,39.92,43.92,38.92,33.92,22.92,13.92,2.92,-4.08,-18.08,-23.08,-37.08,-43.08,-44.08,-55.08,-58.08,-56.08,-46.08,-44.08,-34.08,-30.08,-45.08,-61.08,-56.08,-38.08,-20.08,-11.08,-11.08,-5.08,5.92,5.92,7.92,30.92,52.92,60.92,46.92,35.92,35.92,29.92,25.92,39.92,47.92,57.92,69.92,72.92,68.92,70.92,64.92,58.92,61.92,66.92,57.92,62.92,65.92,54.92,59.92,76.92,82.92,103.92,116.92,133.92,143.92,134.92,117.92,101.92,90.92,80.92,97.92,122.92,137.92,124.92,103.92,94.92,104.92,119.92,105.92,94.92,82.92,68.92,66.92,80.92,71.92,67.92,86.92,97.92,84.92,53.92,49.92,57.92,56.92,42.92,45.92,56.92,73.92,97.92,93.92,83.92,82.92,92.92,83.92,64.92,67.92,83.92,89.92,87.92,85.92,95.92,98.92,87.92,91.92,87.92,78.92,65.92,43.92,42.92,51.92,49.92,45.92,25.92,17.92,3.92,-5.08,9.92,19.92,10.92,-15.08,-19.08,-4.08,-9.08,-30.08,-27.08,-29.08,-30.08,-34.08,-38.08,-28.08,-24.08,-12.08,-1.08,15.92,3.92,-9.08,-3.08,-7.08,-1.08,29.92,48.92,39.92,27.92,30.92,30.92,16.92,2.92,1.92,18.92,22.92,16.92,23.92,40.92,59.92,89.92,105.92,83.92,52.92,34.92,46.92,81.92,80.92,69.92,54.92,46.92,42.92,36.92,26.92,33.92,47.92,44.92,20.92,1.92,-3.08,17.92,29.92,34.92,31.92,37.92,26.92,8.92,8.92,11.92,-0.08,-11.08,-5.08,-1.08,-15.08,-14.08,0.92,17.92,12.92,-14.08,-15.08,5.92,38.92,62.92,75.92,67.92,70.92,74.92,74.92,71.92,68.92,69.92,69.92,65.92,61.92,67.92,71.92,79.92,76.92,69.92,65.92,63.92,60.92,53.92,52.92,66.92,73.92,75.92,81.92,76.92,69.92,59.92,49.92,40.92,42.92,43.92,32.92,30.92,36.92,50.92,43.92,28.92,21.92,15.92,9.92,3.92,-11.08,-15.08,-17.08,-31.08,-43.08,-52.08,-59.08,-52.08,-43.08,-32.08,-18.08,-2.08,7.92,14.92,9.92,14.92,19.92,23.92,36.92,45.92,50.92,49.92,31.92,21.92,18.92,20.92,12.92,-0.08,-13.08,-23.08,-28.08,-39.08,-60.08,-79.08,-98.08,-114.08,-122.08,-135.08,-150.08,-170.08,-187.08,-205.08,-216.08,-228.08,-242.08,-248.08,-258.08,-272.08,-280.08,-283.08,-281.08,-262.08,-232.08,-229.08,-217.08,-204.08,-195.08,-186.08,-171.08,-149.08,-122.08,-105.08,-83.08,-71.08,-75.08,-65.08,-55.08,-49.08,-46.08,-43.08,-37.08,-33.08,-27.08,-20.08,-7.08,4.92,17.92,23.92,32.92,39.92,37.92,31.92,23.92,15.92,16.92,18.92,23.92,20.92,14.92,6.92,2.92,3.92,10.92,26.92,40.92,56.92,61.92,61.92,65.92,69.92,62.92,49.92,44.92,66.92,88.92,89.92,77.92,60.92,49.92,42.92,39.92,32.92,34.92,40.92,23.92,7.92,6.92,9.92,5.92,4.92
64.715,59.715,59.715,51.715,32.715,26.715,21.715,17.715,7.715,2.715,-13.285,-33.285,-40.285,-32.285,-35.285,-33.285,-24.285,-19.285,-19.285,-15.285,-14.285,-19.285,-16.285,-17.285,-26.285,-44.285,-46.285,-38.285,-28.285,-21.285,0.715,29.715,51.715,62.715,70.715,65.715,53.715,40.715,21.715,7.715,2.715,11.715,9.715,5.715,0.715,4.715,5.715,8.715,9.715,2.715,7.715,8.715,10.715,8.715,5.715,-4.285,-14.285,-16.285,-8.285,-20.285,-37.285,-45.285,-51.285,-37.285,-31.285,-28.285,-36.285,-41.285,-34.285,-41.285,-48.285,-45.285,-42.285,-40.285,-51.285,-51.285,-45.285,-59.285,-85.285,-88.285,-87.285,-83.285,-69.285,-58.285,-56.285,-45.285,-39.285,-45.285,-38.285,-38.285,-40.285,-52.285,-56.285,-41.285,-36.285,-35.285,-30.285,-33.285,-38.285,-47.285,-47.285,-51.285,-58.285,-47.285,-50.285,-58.285,-52.285,-59.285,-61.285,-79.285,-76.285,-73.285,-74.285,-75.285,-71.285,-86.285,-98.285,-90.285,-75.285,-80.285,-84.285,-82.285,-71.285,-67.285,-71.285,-60.285,-51.285,-32.285,-25.285,-28.285,-31.285,-23.285,-7.285,4.715,-4.285,-12.285,-10.285,-3.285,3.715,8.715,7.715,12.715,27.715,30.715,11.715,-7.285,-0.285,15.715,20.715,26.715,-7.285,-39.285,-51.285,-39.285,-5.285,8.715,30.715,37.715,32.715,37.715,45.715,53.715,49.715,41.715,36.715,41.715,34.715,19.715,27.715,53.715,60.715,37.715,31.715,37.715,45.715,41.715,13.715,12.715,31.715,66.715,86.715,62.715,43.715,25.715,12.715,1.715,8.715,24.715,35.715,40.715,43.715,31.715,25.715,39.715,26.715,10.715,-17.285,-42.285,-57.285,-55.285,-38.285,-14.285,-2.285,-4.285,-6.285,-18.285,-15.285,-4.285,7.715,8.715,-2.285,-13.285,-0.285,14.715,22.715,0.715,-22.285,-29.285,-26.285,-1.285,13.715,25.715,23.715,36.715,43.715,43.715,38.715,23.715,11.715,15.715,14.715,-1.285,-4.285,9.715,16.715,11.715,0.715,8.715,22.715,51.715,61.715,65.715,61.715,48.715,33.715,29.715,45.715,71.715,74.715,56.715,43.715,45.715,47.715,49.715,39.715,33.715,37.715,26.715,6.715,4.715,4.715,26.715,38.715,40.715,41.715,43.715,41.715,36.715,44.715,48.715,52.715,66.715,80.715,91.715,93.715,88.715,88.715,94.715,100.72,93.715,77.715,76.715,71.715,53.715,43.715,37.715,36.715,39.715,43.715,54.715,50.715,39.715,34.715,39.715,51.715,59.715,64.715,79.715,92.715,114.72,136.72,137.72,137.72,136.72,129.72,126.72,127.72,121.72,113.72,106.72,100.72,91.715,89.715,68.715,50.715,49.715,56.715,42.715,23.715,1.715,-12.285,-27.285,-38.285,-42.285,-39.285,-39.285,-48.285,-58.285,-66.285,-71.285,-81.285,-80.285,-77.285,-88.285,-93.285,-93.285,-84.285,-75.285,-76.285,-77.285,-73.285,-78.285,-73.285,-74.285,-76.285,-80.285,-83.285,-79.285,-92.285,-103.29,-113.29,-107.29,-105.29,-104.29,-106.29,-99.285,-97.285,-100.29,-98.285,-94.285,-87.285,-78.285,-75.285,-74.285,-71.285,-58.285,-51.285,-51.285,-46.285,-51.285,-55.285,-56.285,-62.285,-56.285,-54.285,-43.285,-33.285,-20.285,7.715,32.715,52.715,60.715,72.715,88.715,101.72,101.72,95.715,91.715,83.715,77.715,67.715,61.715,53.715,50.715,41.715,28.715,12.715,-4.285,-13.285,-30.285
117.5,141.5,156.5,144.5,142.5,151.5,148.5,135.5,118.5,99.502,82.502,60.502,37.502,23.503,25.503,21.503,-1.4975,-19.497,-7.4975,15.503,40.502,54.502,42.502,14.503,-9.4975,-19.497,-3.4975,27.503,39.502,26.503,10.503,36.502,69.502,67.502,60.502,57.502,46.502,18.503,19.503,23.503,45.502,61.502,59.502,66.502,68.502,58.502,57.502,64.502,93.502,122.5,138.5,133.5,117.5,93.502,75.502,76.502,82.502,88.502,77.502,64.502,60.502,52.502,34.502,4.5025,-15.497,-8.4975,-19.497,-46.498,-78.498,-70.498,-27.497,-6.4975,-26.497,-34.498,-33.498,-43.498,-44.498,-27.497,-25.497,-19.497,-11.497,-2.4975,11.503,1.5025,-16.497,-23.497,-10.497,-10.497,-10.497,5.5025,19.503,29.503,43.502,53.502,60.502,67.502,69.502,69.502,70.502,68.502,70.502,77.502,84.502,77.502,53.502,41.502,34.502,25.503,20.503,29.503,28.503,41.502,52.502,52.502,39.502,9.5025,-13.497,-16.497,-11.497,1.5025,12.503,20.503,33.502,32.502,35.502,28.503,20.503,28.503,23.503,3.5025,-31.497,-37.498,-30.497,-25.497,-35.498,-46.498,-57.498,-71.498,-60.498,-43.498,-44.498,-58.498,-57.498,-42.498,-14.497,0.5025,8.5025,13.503,27.503,34.502,42.502,36.502,40.502,46.502,64.502,79.502,70.502,66.502,74.502,77.502,84.502,89.502,94.502,94.502,74.502,73.502,92.502,96.502,95.502,84.502,72.502,64.502,78.502,84.502,80.502,84.502,72.502,58.502,40.502,35.502,33.502,41.502,48.502,41.502,21.503,1.5025,-0.4975,3.5025,9.5025,17.503,22.503,27.503,34.502,24.503,-8.4975,-39.498,-50.498,-51.498,-15.497,15.503,20.503,13.503,11.503,-2.4975,-24.497,-37.498,-32.498,-20.497,-8.4975,6.5025,23.503,32.502,41.502,51.502,69.502,97.502,121.5,144.5,152.5,153.5,176.5,189.5,176.5,158.5,148.5,147.5,128.5,133.5,145.5,132.5,94.502,54.502,33.502,46.502,45.502,13.503,-26.497,-39.498,-20.497,1.5025,-2.4975,4.5025,-10.497,-4.4975,12.503,5.5025,-1.4975,1.5025,9.5025,25.503,21.503,5.5025,8.5025,8.5025,15.503,15.503,4.5025,13.503,28.503,15.503,17.503,40.502,58.502,67.502,39.502,36.502,59.502,70.502,53.502,44.502,53.502,51.502,54.502,61.502,68.502,60.502,74.502,74.502,62.502,56.502,42.502,37.502,54.502,60.502,65.502,60.502,47.502,16.503,-5.4975,-17.497,-29.497,-45.498,-48.498,-65.498,-85.498,-76.498,-51.498,-51.498,-65.498,-75.498,-83.498,-91.498,-96.498,-99.498,-111.5,-143.5,-147.5,-141.5,-134.5,-143.5,-138.5,-120.5,-111.5,-104.5,-87.498,-77.498,-87.498,-101.5,-105.5,-102.5,-93.498,-85.498,-87.498,-90.498,-91.498,-84.498,-82.498,-91.498,-97.498,-94.498,-104.5,-113.5,-124.5,-138.5,-146.5,-153.5,-144.5,-142.5,-157.5,-168.5,-173.5,-177.5,-183.5,-188.5,-185.5,-186.5,-196.5,-210.5,-222.5,-224.5,-219.5,-205.5,-193.5,-189.5,-183.5,-183.5,-174.5,-168.5,-175.5,-170.5,-166.5,-164.5,-167.5,-173.5,-166.5,-159.5,-149.5,-140.5,-140.5,-138.5,-141.5,-137.5,-126.5,-115.5,-113.5,-102.5,-102.5,-99.498,-95.498,-92.498,-84.498,-80.498,-74.498,-68.498,-52.498,-40.498,-36.498,-36.498,-23.497,-5.4975,13.503,35.502,57.502,83.502,111.5,134.5,158.5,193.5,228.5,246.5
-69.535,-91.535,-108.54,-113.54,-87.535,-68.535,-53.535,-50.535,-73.535,-75.535,-59.535,-39.535,-30.535,-19.535,-5.535,9.465,9.465,6.465,3.465,13.465,26.465,22.465,23.465,35.465,44.465,41.465,23.465,13.465,11.465,6.465,14.465,25.465,34.465,50.465,59.465,78.465,85.465,76.465,66.465,70.465,68.465,57.465,47.465,49.465,40.465,20.465,1.465,-3.535,-6.535,-9.535,-27.535,-50.535,-62.535,-58.535,-61.535,-58.535,-57.535,-69.535,-74.535,-77.535,-83.535,-84.535,-81.535,-86.535,-89.535,-94.535,-94.535,-99.535,-99.535,-109.54,-115.54,-103.54,-91.535,-83.535,-66.535,-62.535,-56.535,-61.535,-65.535,-68.535,-71.535,-76.535,-60.535,-54.535,-68.535,-67.535,-65.535,-48.535,-27.535,-14.535,-15.535,-29.535,-40.535,-43.535,-51.535,-43.535,-33.535,-32.535,-22.535,-24.535,-21.535,-2.535,25.465,41.465,53.465,45.465,43.465,62.465,75.465,61.465,50.465,37.465,30.465,37.465,38.465,28.465,23.465,29.465,40.465,40.465,47.465,45.465,28.465,42.465,53.465,65.465,45.465,64.465,86.465,91.465,100.47,98.465,110.47,116.47,120.47,107.47,104.47,98.465,110.47,107.47,98.465,87.465,78.465,81.465,93.465,99.465,105.47,95.465,69.465,51.465,39.465,24.465,27.465,40.465,49.465,60.465,52.465,31.465,31.465,26.465,5.465,0.465,21.465,11.465,-16.535,-55.535,-70.535,-52.535,-31.535,-32.535,-35.535,-30.535,-20.535,-3.535,-17.535,-32.535,-31.535,-4.535,0.465,-9.535,-5.535,3.465,6.465,-17.535,-4.535,-5.535,-24.535,-31.535,-43.535,-52.535,-44.535,-29.535,-25.535,-4.535,8.465,6.465,-24.535,-25.535,-22.535,-16.535,-26.535,-52.535,-47.535,-41.535,-33.535,-25.535,-28.535,-12.535,2.465,-7.535,-31.535,-38.535,-35.535,-33.535,-43.535,-56.535,-75.535,-65.535,-24.535,-21.535,-19.535,-8.535,-3.535,0.465,8.465,23.465,53.465,57.465,54.465,61.465,52.465,45.465,65.465,75.465,66.465,48.465,46.465,56.465,57.465,63.465,104.47,132.47,128.47,115.47,103.47,94.465,76.465,48.465,23.465,8.465,15.465,35.465,42.465,42.465,48.465,60.465,69.465,66.465,75.465,84.465,71.465,64.465,53.465,27.465,27.465,32.465,24.465,14.465,14.465,15.465,-1.535,-13.535,-2.535,-9.535,-27.535,-51.535,-46.535,-36.535,-19.535,-17.535,-11.535,0.465,-7.535,-13.535,-1.535,0.465,8.465,33.465,39.465,27.465,19.465,19.465,10.465,12.465,24.465,34.465,34.465,37.465,25.465,12.465,13.465,19.465,18.465,-2.535,-28.535,-43.535,-56.535,-61.535,-62.535,-51.535,-41.535,-50.535,-65.535,-64.535,-74.535,-84.535,-78.535,-65.535,-60.535,-51.535,-37.535,-16.535,-0.535,17.465,40.465,44.465,35.465,33.465,44.465,45.465,41.465,36.465,31.465,25.465,20.465,-3.535,-26.535,-32.535,-37.535,-39.535,-41.535,-51.535,-63.535,-73.535,-75.535,-71.535,-79.535,-86.535,-77.535,-64.535,-59.535,-54.535,-51.535,-37.535,-26.535,-20.535,-21.535,-28.535,-26.535,-28.535,-25.535,-23.535,-23.535,-30.535,-23.535,-13.535,-29.535,-37.535,-39.535,-55.535,-56.535,-45.535,-40.535,-34.535,-19.535,-7.535,1.465,12.465,14.465,18.465,23.465,21.465,28.465,39.465,51.465,50.465,41.465,33.465,29.465,25.465,26.465,16.465,8.465,6.465,-7.535,-8.535,-5.535,2.465,8.465,18.465
-55.448,-84.448,-110.45,-134.45,-136.45,-134.45,-137.45,-139.45,-121.45,-85.448,-59.448,-66.448,-79.448,-91.448,-107.45,-101.45,-71.448,-68.448,-111.45,-171.45,-212.45,-191.45,-158.45,-121.45,-58.448,-7.4475,16.552,0.5525,-16.448,-1.4475,-26.448,-85.448,-118.45,-161.45,-181.45,-168.45,-125.45,-68.448,-19.448,-13.448,-8.4475,-4.4475,19.552,38.552,31.552,39.552,46.552,29.552,42.552,54.552,57.552,59.552,78.552,94.552,104.55,120.55,141.55,164.55,183.55,199.55,221.55,259.55,285.55,288.55,294.55,291.55,280.55,278.55,288.55,298.55,279.55,257.55,248.55,257.55,263.55,279.55,275.55,259.55,245.55,240.55,214.55,190.55,172.55,173.55,169.55,173.55,183.55,204.55,210.55,209.55,197.55,177.55,157.55,153.55,135.55,117.55,96.552,61.552,62.552,66.552,74.552,63.552,66.552,70.552,54.552,47.552,41.552,37.552,37.552,38.552,41.552,56.552,58.552,34.552,19.552,9.5525,-5.4475,-6.4475,-27.448,-42.448,-56.448,-44.448,-46.448,-21.448,0.5525,2.5525,-9.4475,-7.4475,-6.4475,2.5525,-9.4475,-2.4475,-14.448,-44.448,-59.448,-42.448,-46.448,-81.448,-91.448,-88.448,-95.448,-103.45,-119.45,-93.448,-71.448,-66.448,-56.448,-45.448,-63.448,-75.448,-78.448,-84.448,-85.448,-96.448,-145.45,-162.45,-132.45,-84.448,-44.448,-12.448,-15.448,-36.448,-43.448,-33.448,-50.448,-53.448,-40.448,-37.448,-33.448,-41.448,-46.448,-48.448,-23.448,-7.4475,-2.4475,1.5525,-12.448,-38.448,-89.448,-148.45,-165.45,-149.45,-134.45,-103.45,-114.45,-125.45,-82.448,-63.448,-52.448,-61.448,-35.448,-35.448,-35.448,-20.448,25.552,42.552,31.552,36.552,13.552,18.552,12.552,-14.448,-25.448,-20.448,-44.448,-14.448,16.552,-0.4475,-7.4475,0.5525,5.5525,18.552,34.552,68.552,87.552,68.552,48.552,58.552,68.552,71.552,82.552,89.552,115.55,133.55,137.55,137.55,110.55,78.552,65.552,39.552,28.552,48.552,79.552,94.552,105.55,138.55,166.55,177.55,183.55,180.55,173.55,162.55,164.55,160.55,134.55,105.55,112.55,117.55,119.55,129.55,145.55,158.55,163.55,158.55,161.55,162.55,143.55,92.552,63.552,72.552,85.552,97.552,100.55,91.552,87.552,83.552,69.552,49.552,27.552,-7.4475,-27.448,-23.448,2.5525,43.552,68.552,73.552,84.552,71.552,36.552,13.552,10.552,3.5525,-2.4475,-6.4475,-13.448,-20.448,-17.448,-25.448,-29.448,-27.448,-29.448,-24.448,-8.4475,22.552,40.552,28.552,2.5525,-51.448,-87.448,-101.45,-99.448,-74.448,-63.448,-56.448,-65.448,-67.448,-66.448,-69.448,-63.448,-44.448,-24.448,-0.4475,2.5525,-3.4475,-3.4475,-9.4475,2.5525,16.552,10.552,-17.448,-68.448,-135.45,-202.45,-274.45,-335.45,-368.45,-380.45,-352.45,-340.45,-313.45,-262.45,-245.45,-243.45,-233.45,-220.45,-179.45,-159.45,-141.45,-125.45,-121.45,-95.448,-63.448,-52.448,-61.448,-75.448,-70.448,-59.448,-35.448,-2.4475,21.552,24.552,10.552,-20.448,-38.448,-47.448,-32.448,-32.448,-6.4475,-4.4475,-30.448,-66.448,-55.448,-36.448,-25.448,-37.448,-71.448,-53.448,-47.448,-56.448,-31.448,-21.448,-16.448,-17.448,-69.448,-63.448,-67.448,-71.448,-49.448,-87.448,-100.45,-121.45,-115.45,-115.45,-110.45,-130.45,-144.45,-131.45,-121.45,-112.45,-82.448,-89.448,-86.448,-87.448,-82.448,-54.448,-45.448,-35.448,-3.4475,16.552,43.552
118.81,103.81,78.805,64.805,71.805,90.805,96.805,107.81,115.81,147.81,202.81,257.81,261.81,221.81,216.81,213.81,223.81,233.81,168.81,126.81,84.805,44.805,7.805,-16.195,-41.195,-66.195,-104.19,-118.19,-135.19,-148.19,-193.19,-245.19,-257.19,-252.19,-265.19,-282.19,-312.19,-292.19,-222.19,-156.19,-114.19,-85.195,-70.195,-60.195,-48.195,-58.195,-53.195,-31.195,-32.195,-28.195,-32.195,-41.195,-43.195,-35.195,-44.195,-39.195,-44.195,-42.195,-29.195,-27.195,-12.195,-13.195,-6.195,16.805,39.805,38.805,27.805,15.805,19.805,29.805,23.805,14.805,24.805,30.805,40.805,30.805,24.805,15.805,0.805,-33.195,-41.195,-2.195,20.805,70.805,123.81,109.81,79.805,19.805,-15.195,-27.195,-41.195,-70.195,-114.19,-169.19,-204.19,-213.19,-153.19,-114.19,-149.19,-120.19,-95.195,-78.195,-104.19,-154.19,-151.19,-112.19,-75.195,-62.195,-38.195,-38.195,-22.195,-44.195,-78.195,-68.195,-26.195,6.805,25.805,31.805,61.805,84.805,83.805,67.805,59.805,49.805,62.805,69.805,63.805,31.805,4.805,-5.195,-4.195,-5.195,7.805,40.805,49.805,42.805,32.805,25.805,4.805,-26.195,-29.195,-20.195,-9.195,1.805,-1.195,-8.195,5.805,10.805,14.805,21.805,6.805,-14.195,-23.195,-51.195,-79.195,-93.195,-91.195,-85.195,-87.195,-99.195,-92.195,-105.19,-128.19,-121.19,-98.195,-78.195,-68.195,-44.195,-86.195,-132.19,-111.19,-79.195,-85.195,-108.19,-174.19,-182.19,-182.19,-183.19,-168.19,-105.19,-42.195,-48.195,-70.195,-76.195,-73.195,-44.195,-24.195,-19.195,-1.195,30.805,26.805,14.805,-23.195,-69.195,-94.195,-77.195,-71.195,-79.195,-77.195,-44.195,-26.195,-13.195,5.805,35.805,48.805,51.805,62.805,81.805,94.805,93.805,103.81,79.805,55.805,48.805,34.805,22.805,-0.195,-4.195,-16.195,-49.195,-77.195,-76.195,-80.195,-86.195,-78.195,-67.195,-50.195,-62.195,-110.19,-118.19,-105.19,-96.195,-91.195,-107.19,-99.195,-88.195,-73.195,-43.195,-19.195,-24.195,-25.195,-26.195,-11.195,12.805,24.805,31.805,50.805,61.805,59.805,78.805,102.81,125.81,161.81,185.81,143.81,-3.195,-100.19,-94.195,-108.19,-125.19,-88.195,-67.195,-51.195,-24.195,4.805,-0.195,-3.195,11.805,44.805,90.805,77.805,16.805,-36.195,-61.195,-2.195,69.805,95.805,102.81,130.81,133.81,143.81,153.81,153.81,147.81,146.81,142.81,126.81,139.81,164.81,202.81,250.81,266.81,244.81,226.81,197.81,161.81,118.81,93.805,68.805,45.805,38.805,53.805,84.805,125.81,166.81,208.81,260.81,284.81,251.81,199.81,138.81,109.81,91.805,97.805,101.81,97.805,71.805,73.805,79.805,94.805,82.805,22.805,-45.195,-80.195,-82.195,-74.195,-30.195,0.805,34.805,65.805,87.805,115.81,127.81,117.81,104.81,83.805,54.805,47.805,53.805,46.805,49.805,26.805,17.805,9.805,-2.195,-9.195,11.805,33.805,36.805,25.805,22.805,38.805,46.805,56.805,62.805,35.805,6.805,-7.195,-21.195,-10.195,15.805,29.805,26.805,9.805,-11.195,-10.195,-28.195,-58.195,-77.195,-81.195,-69.195,-63.195,-69.195,-76.195,-115.19,-145.19,-132.19,-88.195,-65.195,-71.195,-59.195,-50.195,-31.195,-38.195,-22.195,-19.195,-31.195,-15.195,8.805,10.805,16.805,12.805,-23.195,-44.195,-49.195,-52.195,-33.195,-19.195,-21.195,-30.195
304.93,306.93,308.93,305.93,311.93,321.93,332.93,338.93,349.93,348.93,339.93,332.93,332.93,333.93,339.93,321.93,288.93,251.93,205.93,159.93,120.93,101.93,84.933,86.933,89.933,94.933,116.93,135.93,137.93,134.93,144.93,147.93,133.93,109.93,115.93,113.93,134.93,129.93,116.93,97.933,94.933,92.933,77.933,62.932,57.932,47.932,33.932,22.932,-1.0675,-37.068,-62.068,-63.068,-71.067,-76.067,-84.067,-95.067,-95.067,-108.07,-127.07,-151.07,-152.07,-169.07,-153.07,-127.07,-130.07,-172.07,-165.07,-140.07,-117.07,-81.067,-73.067,-68.067,-69.067,-63.068,-69.067,-71.067,-79.067,-94.067,-105.07,-107.07,-95.067,-88.067,-92.067,-100.07,-87.067,-61.068,-35.068,-2.0675,12.932,11.932,8.9325,2.9325,18.932,31.932,22.932,-10.068,-42.068,-41.068,-27.068,-7.0675,-1.0675,-17.068,-65.067,-126.07,-136.07,-167.07,-210.07,-198.07,-147.07,-128.07,-105.07,-85.067,-89.067,-126.07,-119.07,-90.067,-64.067,-66.067,-76.067,-78.067,-77.067,-74.067,-86.067,-84.067,-80.067,-59.068,-69.067,-80.067,-95.067,-119.07,-117.07,-87.067,-94.067,-107.07,-107.07,-91.067,-79.067,-64.067,-40.068,-18.068,-20.068,-23.068,-22.068,-24.068,-36.068,-43.068,-63.068,-70.067,-60.068,-53.068,-42.068,-44.068,-59.068,-48.068,-20.068,-22.068,-39.068,-76.067,-75.067,-77.067,-65.067,-35.068,-16.068,7.9325,22.932,10.932,0.9325,-9.0675,-15.068,-12.068,-19.068,-43.068,-64.067,-46.068,-50.068,-36.068,-17.068,-3.0675,4.9325,-15.068,-33.068,-65.067,-93.067,-115.07,-79.067,-73.067,-76.067,-71.067,-41.068,-32.068,-65.067,-88.067,-97.067,-121.07,-130.07,-114.07,-92.067,-107.07,-118.07,-117.07,-114.07,-129.07,-129.07,-106.07,-78.067,-77.067,-96.067,-87.067,-89.067,-82.067,-83.067,-100.07,-119.07,-132.07,-145.07,-132.07,-124.07,-119.07,-110.07,-105.07,-111.07,-133.07,-127.07,-118.07,-161.07,-201.07,-182.07,-130.07,-87.067,-46.068,-33.068,-53.068,-51.068,-53.068,-43.068,-24.068,-1.0675,-2.0675,-5.0675,-9.0675,-14.068,-14.068,-22.068,-24.068,-27.068,-17.068,-1.0675,12.932,1.9325,10.932,23.932,22.932,13.932,-0.0675,-8.0675,-5.0675,15.932,17.932,39.932,48.932,42.932,41.932,36.932,31.932,26.932,24.932,32.932,14.932,5.9325,-3.0675,21.932,36.932,36.932,34.932,17.932,2.9325,11.932,21.932,24.932,54.932,77.933,91.933,83.933,60.932,50.932,42.932,28.932,8.9325,-14.068,-40.068,-52.068,-46.068,-55.068,-94.067,-95.067,-88.067,-71.067,-44.068,-12.068,12.932,29.932,24.932,16.932,19.932,26.932,17.932,-15.068,-18.068,-10.068,-10.068,-13.068,-19.068,-19.068,-21.068,-6.0675,-2.0675,-0.0675,14.932,21.932,19.932,17.932,3.9325,-26.068,-27.068,-23.068,-26.068,-35.068,-45.068,-38.068,-16.068,-11.068,1.9325,26.932,46.932,51.932,53.932,63.932,71.933,67.933,59.932,36.932,20.932,6.9325,-3.0675,5.9325,19.932,33.932,52.932,61.932,83.933,106.93,145.93,199.93,230.93,223.93,202.93,185.93,169.93,163.93,158.93,159.93,153.93,162.93,156.93,142.93,133.93,110.93,95.933,88.933,89.933,72.933,62.932,62.932,63.932,67.933,50.932,32.932,30.932,39.932,36.932,33.932,40.932,42.932,29.932,27.932,24.932,-10.068,-19.068,-1.0675,10.932,30.932,50.932,72.933,55.932,48.932,52.932,44.932,47.932,30.932,-5.0675
-111.01,-149.01,-183.01,-182.01,-173.01,-179.01,-191.01,-190.01,-174.01,-185.01,-198.01,-211.01,-205.01,-215.01,-222.01,-215.01,-212.01,-202.01,-158.01,-120.01,-69.013,-75.013,-95.013,-120.01,-112.01,-103.01,-122.01,-133.01,-111.01,-113.01,-102.01,-82.013,-48.013,-6.0125,-5.0125,-26.013,-24.013,-14.013,16.987,54.987,81.987,105.99,119.99,100.99,88.987,99.987,74.987,76.987,80.987,86.987,78.987,89.987,103.99,88.987,52.987,21.987,2.9875,-11.013,-23.013,-51.013,-45.013,-9.0125,26.987,35.987,40.987,64.987,59.987,63.987,58.987,32.987,31.987,30.987,32.987,43.987,20.987,-18.013,-40.013,-41.013,-19.013,-10.013,-19.013,-16.013,-14.013,-36.013,-65.013,-67.013,-75.013,-85.013,-72.013,-68.013,-62.013,-22.013,-9.0125,-8.0125,-1.0125,-3.0125,-1.0125,-13.013,-24.013,-15.013,16.987,37.987,23.987,9.9875,-1.0125,8.9875,28.987,51.987,43.987,19.987,-14.013,-31.013,15.987,61.987,73.987,89.987,93.987,91.987,72.987,46.987,8.9875,-34.013,-46.013,-58.013,-65.013,-64.013,-55.013,-83.013,-61.013,-35.013,-3.0125,-16.013,-48.013,-47.013,20.987,47.987,42.987,73.987,73.987,26.987,49.987,63.987,58.987,37.987,32.987,26.987,54.987,72.987,76.987,64.987,78.987,92.987,129.99,112.99,93.987,82.987,84.987,62.987,57.987,65.987,61.987,39.987,27.987,21.987,28.987,30.987,28.987,35.987,50.987,61.987,55.987,64.987,62.987,49.987,56.987,71.987,75.987,54.987,61.987,74.987,88.987,119.99,116.99,105.99,96.987,92.987,62.987,33.987,17.987,25.987,17.987,29.987,47.987,59.987,62.987,55.987,70.987,65.987,67.987,60.987,38.987,23.987,27.987,25.987,33.987,15.987,3.9875,-1.0125,6.9875,8.9875,7.9875,-6.0125,-11.013,-11.013,-15.013,-23.013,-27.013,-39.013,-59.013,-69.013,-87.013,-102.01,-99.013,-78.013,-64.013,-60.013,-68.013,-82.013,-85.013,-76.013,-65.013,-58.013,-50.013,-65.013,-90.013,-103.01,-119.01,-155.01,-162.01,-144.01,-136.01,-146.01,-155.01,-138.01,-78.013,-74.013,-169.01,-244.01,-222.01,-236.01,-221.01,-260.01,-260.01,-246.01,-199.01,-140.01,-115.01,-91.013,-54.013,-16.013,26.987,40.987,36.987,13.987,16.987,7.9875,-2.0125,2.9875,1.9875,2.9875,46.987,47.987,7.9875,-18.013,3.9875,22.987,-11.013,-58.013,-89.013,-118.01,-132.01,-125.01,-96.013,-54.013,-13.013,-35.013,-69.013,-74.013,-60.013,-26.013,-18.013,-15.013,0.9875,22.987,24.987,8.9875,-10.013,-17.013,0.9875,32.987,23.987,-4.0125,-13.013,-44.013,-76.013,-66.013,-47.013,-16.013,13.987,49.987,70.987,85.987,107.99,115.99,109.99,89.987,74.987,62.987,50.987,40.987,34.987,30.987,39.987,78.987,131.99,178.99,197.99,192.99,175.99,151.99,126.99,109.99,110.99,124.99,132.99,147.99,149.99,132.99,114.99,101.99,93.987,79.987,75.987,86.987,93.987,79.987,63.987,54.987,45.987,28.987,13.987,2.9875,-7.0125,-20.013,-31.013,-46.013,-47.013,-38.013,-25.013,-15.013,-7.0125,-10.013,-12.013,-5.0125,18.987,17.987,9.9875,4.9875,8.9875,25.987,17.987,6.9875,4.9875,23.987,30.987,41.987,55.987,54.987,61.987,78.987,80.987,73.987,79.987,97.987,102.99,121.99,122.99,103.99,79.987,64.987,43.987,34.987,43.987,62.987,78.987,92.987,81.987,76.987,69.987,49.987
53.578,53.578,55.578,52.578,44.578,29.578,15.578,4.5775,-13.422,-28.422,-30.422,-26.422,-11.422,0.5775,-0.4225,-0.4225,-1.4225,-0.4225,3.5775,3.5775,1.5775,-0.4225,8.5775,12.578,-4.4225,-25.422,-29.422,-37.422,-36.422,-27.422,-13.422,-7.4225,-14.422,-29.422,-43.422,-44.422,-38.422,-44.422,-56.422,-64.422,-79.422,-82.422,-79.422,-64.422,-50.422,-62.422,-59.422,-58.422,-54.422,-63.422,-80.422,-84.422,-67.422,-37.422,-17.422,-10.422,-16.422,-19.422,-19.422,-5.4225,-2.4225,-4.4225,-21.422,-27.422,-34.422,-48.422,-43.422,-39.422,-46.422,-66.422,-74.422,-74.422,-75.422,-72.422,-83.422,-83.422,-81.422,-83.422,-75.422,-76.422,-75.422,-67.422,-62.422,-63.422,-65.422,-65.422,-65.422,-57.422,-54.422,-58.422,-65.422,-70.422,-61.422,-55.422,-50.422,-44.422,-43.422,-38.422,-38.422,-40.422,-52.422,-51.422,-27.422,1.5775,14.578,18.578,23.578,26.578,30.578,27.578,13.578,8.5775,1.5775,3.5775,2.5775,-1.4225,-0.4225,11.578,19.578,13.578,17.578,22.578,22.578,20.578,6.5775,-0.4225,-4.4225,1.5775,1.5775,-13.422,-14.422,-14.422,-12.422,-17.422,-16.422,-16.422,-11.422,-15.422,-20.422,-13.422,-18.422,-17.422,-26.422,-28.422,-33.422,-32.422,-39.422,-39.422,-46.422,-47.422,-37.422,-22.422,-10.422,-4.4225,-11.422,-2.4225,4.5775,9.5775,8.5775,-1.4225,9.5775,18.578,24.578,22.578,15.578,4.5775,12.578,23.578,38.578,47.578,43.578,33.578,34.578,47.578,59.578,65.578,63.578,59.578,52.578,58.578,59.578,46.578,44.578,50.578,34.578,21.578,16.578,19.578,24.578,28.578,34.578,38.578,30.578,32.578,28.578,15.578,10.578,10.578,19.578,12.578,5.5775,11.578,8.5775,6.5775,9.5775,0.5775,3.5775,-5.4225,-8.4225,-15.422,-9.4225,-11.422,-9.4225,-11.422,-13.422,-8.4225,-6.4225,-9.4225,-16.422,-15.422,-16.422,-15.422,-19.422,-28.422,-24.422,-14.422,-0.4225,9.5775,7.5775,4.5775,-3.4225,-12.422,-23.422,-28.422,-35.422,-43.422,-40.422,-35.422,-45.422,-50.422,-50.422,-42.422,-33.422,-23.422,-8.4225,-11.422,-13.422,-20.422,-30.422,-29.422,-32.422,-33.422,-36.422,-39.422,-35.422,-26.422,-26.422,-25.422,-26.422,-26.422,-31.422,-42.422,-49.422,-50.422,-47.422,-39.422,-32.422,-36.422,-39.422,-45.422,-52.422,-52.422,-54.422,-55.422,-63.422,-69.422,-66.422,-66.422,-68.422,-68.422,-64.422,-66.422,-65.422,-68.422,-69.422,-78.422,-88.422,-86.422,-92.422,-94.422,-99.422,-98.422,-93.422,-87.422,-82.422,-76.422,-72.422,-62.422,-54.422,-57.422,-70.422,-86.422,-91.422,-88.422,-80.422,-77.422,-79.422,-83.422,-89.422,-85.422,-64.422,-44.422,-26.422,-23.422,-19.422,-13.422,-2.4225,6.5775,8.5775,13.578,13.578,2.5775,3.5775,10.578,11.578,23.578,30.578,32.578,35.578,47.578,65.578,90.578,102.58,109.58,120.58,122.58,132.58,141.58,147.58,152.58,157.58,153.58,146.58,145.58,141.58,145.58,143.58,141.58,139.58,139.58,139.58,135.58,141.58,142.58,144.58,150.58,147.58,144.58,136.58,135.58,137.58,129.58,121.58,110.58,110.58,112.58,127.58,129.58,118.58,118.58,122.58,124.58,122.58,123.58,118.58,111.58,107.58,99.578,99.578,93.578,76.578,58.578,48.578,45.578,41.578,39.578,38.578,38.578,40.578,40.578,40.578,39.578,36.578,36.578,26.578,20.578,19.578,13.578,0.5775,-13.422
-63.797,-28.797,-17.797,-15.797,-15.797,-17.797,-0.7975,3.2025,10.203,1.2025,-12.797,7.2025,-6.7975,-32.797,-27.797,-11.797,5.2025,12.203,26.203,43.203,44.203,36.203,32.203,8.2025,-23.797,-30.797,-11.797,-3.7975,16.203,21.203,17.203,37.203,8.2025,2.2025,34.203,36.203,15.203,13.203,-8.7975,-25.797,-32.797,-35.797,-22.797,3.2025,25.203,40.203,42.203,31.203,24.203,35.203,49.203,46.203,44.203,55.203,52.203,47.203,63.203,42.203,33.203,47.203,27.203,19.203,6.2025,-20.797,-41.797,-46.797,-31.797,-32.797,-34.797,-28.797,-32.797,-33.797,-33.797,-18.797,-5.7975,-17.797,-24.797,-25.797,-26.797,-24.797,-31.797,-58.797,-61.797,-73.797,-74.797,-61.797,-71.797,-73.797,-110.8,-95.797,-84.797,-80.797,-71.797,-96.797,-116.8,-136.8,-110.8,-101.8,-94.797,-110.8,-119.8,-94.797,-79.797,-89.797,-104.8,-90.797,-100.8,-105.8,-121.8,-108.8,-99.797,-87.797,-73.797,-46.797,-23.797,-39.797,-54.797,-79.797,-91.797,-86.797,-86.797,-81.797,-60.797,-73.797,-81.797,-62.797,-68.797,-96.797,-115.8,-98.797,-76.797,-91.797,-78.797,-62.797,-54.797,-53.797,-50.797,-55.797,-47.797,-30.797,-12.797,-15.797,12.203,26.203,1.2025,-18.797,-33.797,-42.797,-7.7975,10.203,-12.797,-15.797,-24.797,-45.797,-47.797,-22.797,-12.797,12.203,21.203,34.203,22.203,15.203,21.203,19.203,21.203,30.203,3.2025,-9.7975,-0.7975,12.203,29.203,13.203,-10.797,-30.797,8.2025,15.203,8.2025,-10.797,-9.7975,-54.797,-73.797,-99.797,-91.797,-46.797,-49.797,-60.797,-49.797,-37.797,-40.797,-19.797,-8.7975,-25.797,-12.797,12.203,13.203,-6.7975,1.2025,38.203,47.203,46.203,31.203,26.203,16.203,34.203,61.203,79.203,84.203,80.203,74.203,83.203,85.203,66.203,48.203,30.203,36.203,46.203,36.203,4.2025,-6.7975,-34.797,-69.797,-80.797,-86.797,-78.797,-60.797,-49.797,-56.797,-52.797,-31.797,-35.797,-34.797,-8.7975,2.2025,-0.7975,-33.797,-56.797,-26.797,-19.797,-8.7975,-39.797,-49.797,-36.797,-10.797,-18.797,-49.797,-39.797,-0.7975,22.203,11.203,-11.797,-12.797,-5.7975,-20.797,-28.797,-42.797,-57.797,-84.797,-113.8,-119.8,-116.8,-132.8,-147.8,-151.8,-143.8,-107.8,-78.797,-70.797,-91.797,-103.8,-95.797,-108.8,-111.8,-98.797,-80.797,-95.797,-120.8,-136.8,-136.8,-127.8,-123.8,-115.8,-108.8,-110.8,-118.8,-111.8,-100.8,-79.797,-63.797,-58.797,-52.797,-41.797,-33.797,-14.797,9.2025,4.2025,0.2025,23.203,49.203,65.203,71.203,80.203,80.203,72.203,87.203,104.2,115.2,122.2,134.2,139.2,143.2,146.2,142.2,138.2,139.2,142.2,138.2,137.2,129.2,125.2,133.2,138.2,141.2,150.2,148.2,141.2,141.2,142.2,137.2,133.2,127.2,126.2,141.2,139.2,132.2,130.2,122.2,122.2,123.2,120.2,109.2,103.2,102.2,113.2,115.2,120.2,128.2,140.2,134.2,119.2,105.2,95.203,97.203,91.203,80.203,71.203,68.203,68.203,63.203,65.203,73.203,85.203,86.203,86.203,82.203,80.203,78.203,86.203,103.2,105.2,90.203,80.203,78.203,75.203,83.203,90.203,83.203,79.203,71.203,65.203,60.203,50.203,32.203,27.203,30.203,37.203,35.203,28.203,27.203,36.203,28.203,13.203,-4.7975,-7.7975,4.2025,3.2025,-4.7975,-10.797,-16.797,-14.797,-19.797
-113.97,-106.97,-101.97,-85.968,-71.968,-72.968,-75.968,-61.968,-59.968,-67.968,-72.968,-63.968,-55.968,-61.968,-55.968,-47.968,-50.968,-41.968,-5.9675,14.033,28.032,38.032,31.032,16.032,9.0325,-5.9675,-5.9675,20.032,47.032,60.032,41.032,50.032,63.032,56.032,60.032,65.032,66.032,43.032,30.032,12.033,-4.9675,-16.968,1.0325,9.0325,9.0325,12.033,23.032,5.0325,2.0325,13.033,26.032,25.032,23.032,16.032,5.0325,-3.9675,-5.9675,10.033,7.0325,21.032,27.032,11.033,11.033,24.032,22.032,18.032,17.032,21.032,38.032,44.032,27.032,24.032,25.032,25.032,10.033,5.0325,12.033,26.032,36.032,53.032,60.032,49.032,38.032,26.032,29.032,27.032,31.032,21.032,29.032,42.032,37.032,45.032,43.032,39.032,53.032,61.032,51.032,51.032,53.032,49.032,34.032,6.0325,-15.967,-21.968,-45.968,-45.968,-31.968,-26.968,-34.968,-33.968,-37.968,-18.968,0.0325,-7.9675,-25.968,-46.968,-59.968,-82.968,-93.968,-84.968,-76.968,-74.968,-56.968,-50.968,-59.968,-83.968,-96.968,-97.968,-98.968,-104.97,-100.97,-96.968,-107.97,-118.97,-131.97,-154.97,-156.97,-147.97,-146.97,-139.97,-137.97,-137.97,-138.97,-135.97,-128.97,-109.97,-105.97,-89.968,-70.968,-56.968,-44.968,-35.968,-32.968,-27.968,-7.9675,-10.967,-23.968,-29.968,-17.968,-15.967,-27.968,-33.968,-32.968,-17.968,-10.967,-20.968,-10.967,10.033,21.032,14.033,14.033,10.033,-6.9675,-20.968,-21.968,-39.968,-37.968,-14.967,-9.9675,-29.968,-43.968,-51.968,-58.968,-65.968,-45.968,-35.968,-48.968,-46.968,-45.968,-42.968,-45.968,-39.968,-36.968,-36.968,-26.968,-28.968,-34.968,-40.968,-38.968,-43.968,-47.968,-48.968,-61.968,-68.968,-72.968,-80.968,-81.968,-85.968,-91.968,-92.968,-82.968,-61.968,-42.968,-37.968,-34.968,-24.968,-22.968,-30.968,-31.968,-17.968,-6.9675,1.0325,10.033,11.033,12.033,22.032,27.032,29.032,23.032,19.032,32.032,45.032,54.032,49.032,45.032,39.032,36.032,41.032,48.032,56.032,68.032,71.032,62.032,46.032,38.032,35.032,30.032,41.032,52.032,58.032,55.032,60.032,45.032,44.032,52.032,66.032,82.032,86.032,77.032,56.032,54.032,51.032,52.032,70.032,57.032,37.032,25.032,13.033,5.0325,3.0325,-9.9675,-19.968,-16.968,-40.968,-51.968,-37.968,-24.968,-30.968,-32.968,-27.968,-34.968,-48.968,-43.968,-43.968,-16.968,1.0325,10.033,3.0325,-6.9675,5.0325,6.0325,13.033,20.032,39.032,39.032,21.032,24.032,34.032,31.032,31.032,29.032,7.0325,-4.9675,14.033,28.032,17.032,-8.9675,-16.968,14.033,32.032,53.032,58.032,57.032,42.032,34.032,30.032,23.032,37.032,58.032,53.032,40.032,53.032,84.032,123.03,132.03,128.03,139.03,155.03,173.03,175.03,171.03,174.03,181.03,183.03,180.03,159.03,132.03,115.03,124.03,134.03,134.03,126.03,126.03,133.03,128.03,122.03,112.03,107.03,101.03,113.03,115.03,90.032,83.032,94.032,95.032,86.032,68.032,55.032,50.032,48.032,64.032,64.032,61.032,55.032,52.032,40.032,44.032,74.032,85.032,68.032,43.032,22.032,-8.9675,-27.968,-38.968,-48.968,-61.968,-67.968,-67.968,-81.968,-95.968,-114.97,-112.97,-106.97,-99.968,-107.97,-106.97,-106.97,-102.97,-100.97,-100.97,-104.97,-96.968,-95.968,-103.97,-95.968,-86.968,-84.968,-82.968,-71.968
44.02,42.02,45.02,34.02,30.02,14.02,13.02,26.02,23.02,4.02,-12.98,-30.98,-41.98,-49.98,-43.98,-36.98,-42.98,-43.98,-18.98,11.02,4.02,-1.98,1.02,-2.98,-3.98,-1.98,-2.98,-12.98,-13.98,-4.98,-3.98,-2.98,30.02,71.02,95.02,108.02,110.02,109.02,81.02,66.02,52.02,33.02,0.02,-13.98,-20.98,-21.98,-20.98,-10.98,-9.98,-7.98,5.02,22.02,29.02,25.02,24.02,34.02,40.02,40.02,54.02,68.02,69.02,55.02,34.02,25.02,25.02,15.02,18.02,33.02,35.02,32.02,37.02,35.02,33.02,22.02,17.02,26.02,18.02,22.02,24.02,20.02,17.02,14.02,12.02,10.02,0.02,7.02,17.02,31.02,34.02,20.02,11.02,26.02,24.02,24.02,12.02,6.02,-1.98,0.02,3.02,-18.98,-35.98,-40.98,-19.98,-2.98,0.02,-9.98,-16.98,1.02,8.02,22.02,28.02,19.02,13.02,8.02,2.02,10.02,16.02,8.02,-1.98,-6.98,-7.98,-14.98,-37.98,-48.98,-39.98,-44.98,-27.98,-17.98,-20.98,-39.98,-25.98,2.02,7.02,-8.98,-31.98,-34.98,-15.98,-18.98,-18.98,-25.98,-8.98,5.02,14.02,30.02,29.02,24.02,10.02,-3.98,-5.98,-5.98,-8.98,4.02,9.02,21.02,15.02,12.02,7.02,0.02,-6.98,0.02,22.02,12.02,7.02,24.02,54.02,68.02,69.02,40.02,18.02,-0.98,-0.98,-19.98,-45.98,-47.98,-36.98,-11.98,-21.98,-28.98,-17.98,-19.98,-32.98,-10.98,17.02,36.02,59.02,57.02,31.02,34.02,71.02,70.02,53.02,36.02,31.02,21.02,11.02,19.02,9.02,27.02,41.02,15.02,19.02,48.02,64.02,90.02,107.02,87.02,64.02,60.02,65.02,79.02,101.02,116.02,103.02,78.02,51.02,35.02,39.02,48.02,48.02,61.02,71.02,65.02,48.02,38.02,38.02,40.02,24.02,32.02,48.02,59.02,73.02,87.02,100.02,122.02,147.02,161.02,144.02,142.02,142.02,133.02,113.02,93.02,89.02,74.02,63.02,83.02,94.02,40.02,-10.98,-33.98,-52.98,-38.98,-3.98,16.02,2.02,-10.98,-13.98,1.02,27.02,37.02,27.02,9.02,-5.98,-22.98,-37.98,-60.98,-63.98,-56.98,-48.98,-49.98,-63.98,-62.98,-49.98,-51.98,-45.98,-41.98,-59.98,-37.98,-18.98,-7.98,-34.98,-72.98,-63.98,-25.98,-20.98,-1.98,16.02,48.02,48.02,32.02,-6.98,-54.98,-57.98,-49.98,-36.98,-13.98,-5.98,-15.98,-49.98,-61.98,-63.98,-46.98,-34.98,-29.98,-21.98,-6.98,-14.98,-46.98,-60.98,-56.98,-42.98,-33.98,-37.98,-38.98,-45.98,-57.98,-74.98,-97.98,-102.98,-94.98,-73.98,-47.98,-26.98,-14.98,-9.98,-6.98,3.02,6.02,-9.98,-36.98,-49.98,-66.98,-71.98,-80.98,-80.98,-63.98,-58.98,-83.98,-138.98,-160.98,-161.98,-135.98,-113.98,-93.98,-112.98,-126.98,-126.98,-132.98,-126.98,-114.98,-110.98,-116.98,-111.98,-120.98,-129.98,-145.98,-134.98,-115.98,-56.98,-35.98,-21.98,-20.98,-30.98,-38.98,-37.98,-23.98,-11.98,6.02,-4.98,-13.98,-10.98,3.02,13.02,25.02,25.02,23.02,10.02,-6.98,0.02,13.02,30.02,34.02,22.02,9.02,-2.98,5.02,31.02,33.02,21.02,8.02,-1.98,-11.98,-19.98,-22.98,-27.98,-21.98,-8.98,-11.98,-27.98,-35.98
42.845,55.845,71.845,83.845,75.845,63.845,69.845,77.845,68.845,60.845,66.845,53.845,45.845,56.845,47.845,24.845,4.845,-15.155,-31.155,-38.155,-62.155,-59.155,-48.155,-54.155,-44.155,-34.155,-40.155,-63.155,-85.155,-76.155,-56.155,-69.155,-78.155,-74.155,-90.155,-96.155,-108.16,-129.16,-144.16,-139.16,-139.16,-129.16,-133.16,-140.16,-137.16,-150.16,-145.16,-128.16,-123.16,-139.16,-148.16,-123.16,-93.155,-73.155,-39.155,-23.155,-27.155,-25.155,-36.155,-47.155,-50.155,-45.155,-51.155,-64.155,-77.155,-78.155,-106.16,-129.16,-126.16,-112.16,-90.155,-95.155,-93.155,-126.16,-114.16,-96.155,-101.16,-133.16,-146.16,-128.16,-95.155,-81.155,-66.155,-54.155,-62.155,-99.155,-102.16,-83.155,-61.155,-73.155,-84.155,-94.155,-96.155,-87.155,-52.155,-20.155,-41.155,-8.155,3.845,-17.155,-29.155,-4.155,13.845,40.845,70.845,77.845,61.845,42.845,44.845,35.845,43.845,36.845,22.845,27.845,18.845,16.845,10.845,-3.155,-5.155,26.845,53.845,65.845,62.845,58.845,43.845,35.845,45.845,47.845,32.845,22.845,21.845,17.845,14.845,8.845,-0.155,12.845,7.845,-12.155,-35.155,-25.155,-7.155,-0.155,-20.155,-40.155,-36.155,-41.155,-52.155,-54.155,-64.155,-74.155,-64.155,-49.155,-48.155,-29.155,-38.155,-22.155,-10.155,-8.155,-31.155,-57.155,-27.155,12.845,8.845,0.845,24.845,42.845,34.845,-15.155,-1.155,27.845,15.845,17.845,33.845,59.845,57.845,45.845,44.845,40.845,40.845,52.845,19.845,17.845,56.845,109.85,111.85,111.85,117.85,116.85,58.845,19.845,24.845,16.845,25.845,33.845,43.845,47.845,69.845,88.845,88.845,75.845,65.845,69.845,63.845,43.845,47.845,57.845,63.845,49.845,35.845,36.845,30.845,50.845,57.845,33.845,33.845,36.845,47.845,50.845,44.845,43.845,46.845,37.845,33.845,41.845,18.845,-3.155,-5.155,-0.155,3.845,-7.155,-5.155,-13.155,-27.155,-41.155,-43.155,-54.155,-41.155,-32.155,-32.155,-32.155,-32.155,-23.155,-11.155,-6.155,-6.155,-6.155,10.845,28.845,32.845,23.845,18.845,17.845,14.845,13.845,24.845,37.845,58.845,72.845,79.845,75.845,68.845,57.845,41.845,35.845,25.845,29.845,31.845,30.845,32.845,32.845,48.845,55.845,39.845,17.845,-0.155,-15.155,-33.155,-34.155,-33.155,-29.155,-17.155,6.845,14.845,22.845,6.845,3.845,-11.155,-13.155,-11.155,-34.155,-54.155,-50.155,-39.155,-29.155,-11.155,-20.155,-11.155,-9.155,-4.155,-10.155,-46.155,-46.155,-33.155,-33.155,-20.155,-4.155,-5.155,-10.155,-4.155,5.845,13.845,16.845,12.845,22.845,47.845,82.845,87.845,74.845,55.845,36.845,27.845,30.845,30.845,25.845,4.845,-4.155,-4.155,5.845,38.845,57.845,80.845,81.845,87.845,89.845,80.845,61.845,63.845,56.845,67.845,75.845,83.845,76.845,45.845,35.845,55.845,66.845,56.845,47.845,48.845,44.845,19.845,-2.155,-18.155,-26.155,6.845,36.845,40.845,35.845,32.845,29.845,16.845,9.845,-3.155,0.845,-6.155,21.845,25.845,2.845,7.845,39.845,63.845,45.845,36.845,36.845,43.845,44.845,36.845,13.845,29.845,-1.155,-10.155,4.845,2.845,-0.155,-11.155,-11.155,-7.155,-0.155,6.845,1.845,5.845,26.845,39.845,43.845,48.845,32.845,4.845,-23.155,-43.155,-58.155
46.922,76.922,121.92,164.92,123.92,106.92,117.92,106.92,123.92,135.92,119.92,128.92,156.92,194.92,182.92,168.92,180.92,216.92,234.92,230.92,248.92,259.92,278.92,319.92,321.92,315.92,314.92,287.92,235.92,191.92,161.92,118.92,70.922,34.922,5.9225,-22.078,-32.078,-25.078,-30.078,-43.078,-48.078,-42.078,-35.078,-41.078,-56.078,-43.078,-22.078,-49.078,-71.078,-56.078,-15.078,-20.078,-78.078,-100.08,-90.078,-107.08,-95.078,-74.078,-62.078,-60.078,-84.078,-115.08,-123.08,-136.08,-121.08,-103.08,-73.078,-61.078,-88.078,-111.08,-105.08,-105.08,-114.08,-126.08,-131.08,-108.08,-77.078,-45.078,-23.078,-14.078,-12.078,-34.078,-66.078,-81.078,-72.078,-92.078,-101.08,-94.078,-106.08,-116.08,-104.08,-102.08,-86.078,-57.078,-31.078,-33.078,-65.078,-90.078,-90.078,-69.078,-68.078,-85.078,-63.078,-43.078,-45.078,-58.078,-53.078,-66.078,-86.078,-78.078,-70.078,-87.078,-111.08,-140.08,-128.08,-114.08,-94.078,-47.078,-54.078,-75.078,-69.078,-21.078,5.9225,-8.0775,-22.078,-18.078,-7.0775,5.9225,37.922,64.922,102.92,108.92,106.92,103.92,80.922,73.922,61.922,51.922,47.922,51.922,21.922,-8.0775,-40.078,-66.078,-66.078,-58.078,-57.078,-56.078,-57.078,-56.078,-38.078,-22.078,-30.078,-26.078,-30.078,-52.078,-71.078,-77.078,-120.08,-130.08,-123.08,-114.08,-111.08,-136.08,-132.08,-125.08,-94.078,-73.078,-91.078,-104.08,-119.08,-92.078,-102.08,-123.08,-129.08,-119.08,-68.078,-70.078,-59.078,-31.078,-34.078,-10.078,-8.0775,-52.078,-70.078,-40.078,-4.0775,-8.0775,-30.078,-33.078,-32.078,-36.078,-57.078,-76.078,-85.078,-60.078,-32.078,-19.078,-32.078,-40.078,-12.078,-14.078,-12.078,-6.0775,-2.0775,7.9225,1.9225,-6.0775,-16.078,-51.078,-88.078,-95.078,-81.078,-67.078,-68.078,-83.078,-75.078,-60.078,-44.078,-35.078,-25.078,-16.078,-37.078,-81.078,-71.078,-44.078,-31.078,-32.078,-28.078,-37.078,-45.078,-22.078,-30.078,-32.078,-39.078,-13.078,-35.078,-78.078,-127.08,-147.08,-181.08,-206.08,-204.08,-190.08,-193.08,-183.08,-166.08,-133.08,-98.078,-50.078,-45.078,-59.078,-90.078,-112.08,-105.08,-56.078,-22.078,2.9225,-23.078,-50.078,-73.078,-111.08,-113.08,-78.078,-72.078,-61.078,-23.078,41.922,59.922,46.922,51.922,57.922,57.922,53.922,39.922,39.922,42.922,58.922,81.922,101.92,122.92,126.92,125.92,137.92,120.92,147.92,176.92,156.92,141.92,144.92,167.92,166.92,126.92,94.922,88.922,92.922,63.922,51.922,61.922,56.922,70.922,93.922,122.92,121.92,128.92,110.92,108.92,98.922,81.922,57.922,22.922,12.922,28.922,37.922,33.922,30.922,16.922,5.9225,8.9225,38.922,101.92,205.92,306.92,314.92,294.92,254.92,213.92,207.92,166.92,130.92,107.92,59.922,20.922,43.922,58.922,69.922,89.922,101.92,122.92,138.92,128.92,124.92,133.92,119.92,117.92,119.92,150.92,168.92,171.92,142.92,127.92,108.92,66.922,26.922,5.9225,9.9225,22.922,28.922,16.922,-5.0775,-65.078,-94.078,-90.078,-52.078,-31.078,-34.078,-35.078,-15.078,22.922,35.922,33.922,25.922,42.922,51.922,43.922,35.922,20.922,-7.0775,-37.078,-41.078,-25.078,0.9225,-10.078,-35.078,-40.078,-40.078,-32.078,-37.078,-78.078,-99.078,-97.078,-96.078,-97.078,-108.08,-109.08,-89.078,-82.078,-98.078,-81.078,-42.078
54.043,44.043,45.043,61.043,73.043,80.043,64.043,38.043,35.043,42.043,38.043,31.043,14.043,17.043,14.043,6.0425,-7.9575,-19.958,-20.958,-22.958,-7.9575,-11.958,-30.958,-32.957,-24.958,-5.9575,8.0425,26.043,37.043,50.043,71.043,78.043,64.043,59.043,51.043,49.043,38.043,17.043,-2.9575,-21.958,-27.958,-42.957,-68.957,-78.957,-60.957,-36.957,-25.958,-20.958,-28.958,-35.957,-55.957,-73.957,-89.957,-91.957,-87.957,-100.96,-112.96,-123.96,-114.96,-104.96,-103.96,-112.96,-120.96,-115.96,-93.957,-55.957,-29.958,-14.958,-13.958,-22.958,-20.958,-25.958,-19.958,-12.958,-10.958,-8.9575,-7.9575,1.0425,-7.9575,-7.9575,1.0425,13.043,25.043,33.043,36.043,43.043,48.043,42.043,36.043,57.043,73.043,69.043,66.043,56.043,61.043,79.043,81.043,69.043,63.043,61.043,72.043,55.043,8.0425,7.0425,31.043,56.043,79.043,65.043,42.043,34.043,31.043,29.043,27.043,20.043,0.0425,0.0425,14.043,10.043,11.043,-1.9575,0.0425,9.0425,0.0425,4.0425,2.0425,33.043,82.043,100.04,97.043,74.043,36.043,17.043,4.0425,-4.9575,18.043,45.043,59.043,68.043,73.043,78.043,62.043,46.043,40.043,36.043,39.043,61.043,71.043,66.043,56.043,41.043,53.043,56.043,69.043,80.043,69.043,44.043,27.043,43.043,54.043,39.043,38.043,15.043,-10.958,-8.9575,3.0425,15.043,3.0425,-13.958,-15.958,-7.9575,5.0425,23.043,47.043,50.043,46.043,40.043,42.043,42.043,46.043,30.043,23.043,17.043,9.0425,7.0425,12.043,17.043,18.043,2.0425,-12.958,-34.957,-35.957,-5.9575,16.043,15.043,10.043,-6.9575,-23.958,-24.958,-29.958,-49.957,-65.957,-56.957,-37.957,-34.957,-43.957,-34.957,-45.957,-62.957,-57.957,-58.957,-61.957,-44.957,-38.957,-32.957,-28.958,-28.958,-15.958,-12.958,-18.958,-13.958,-7.9575,7.0425,24.043,36.043,48.043,34.043,29.043,14.043,4.0425,7.0425,-0.9575,-20.958,-36.957,-21.958,-17.958,-45.957,-65.957,-55.957,-63.957,-47.957,-29.958,-32.957,-24.958,-17.958,-12.958,-17.958,-18.958,-23.958,-19.958,-26.958,-43.957,-48.957,-59.957,-42.957,-28.958,-5.9575,7.0425,4.0425,2.0425,7.0425,5.0425,21.043,41.043,52.043,63.043,70.043,61.043,49.043,44.043,34.043,33.043,60.043,75.043,77.043,64.043,61.043,67.043,66.043,63.043,74.043,84.043,97.043,103.04,102.04,100.04,100.04,106.04,95.043,94.043,73.043,66.043,73.043,82.043,86.043,76.043,61.043,40.043,27.043,34.043,48.043,66.043,79.043,77.043,65.043,50.043,47.043,62.043,78.043,81.043,76.043,67.043,67.043,66.043,58.043,42.043,29.043,41.043,51.043,79.043,91.043,92.043,92.043,101.04,105.04,103.04,95.043,82.043,65.043,51.043,40.043,19.043,7.0425,-4.9575,-7.9575,-2.9575,2.0425,-2.9575,-7.9575,-11.958,-17.958,-29.958,-41.957,-49.957,-32.957,-11.958,-27.958,-56.957,-77.957,-96.957,-122.96,-129.96,-122.96,-127.96,-128.96,-123.96,-111.96,-105.96,-115.96,-126.96,-133.96,-127.96,-135.96,-141.96,-146.96,-148.96,-154.96,-151.96,-152.96,-149.96,-142.96,-142.96,-151.96,-153.96,-142.96,-137.96,-131.96,-120.96,-108.96,-106.96,-98.957,-95.957,-107.96,-106.96,-118.96,-124.96,-109.96,-101.96,-82.957,-75.957,-71.957,-60.957,-47.957,-34.957,-27.958,-27.958,-23.958,-18.958,-20.958,-26.958,-19.958
